copenhagenabm/geodata/testset2/good.asc
ncols         40
nrows         30
xllcorner     12.428948300324
yllcorner     55.679226700652
cellsize      0.00099999999999998
NODATA_value  -9999
-0.6337169 -0.2656435 0.3789381 1.209188 0.3610421 -0.263229 -0.4831814 -1.283149 2.938119 0.007511982 0.4222654 -0.2210085 -0.7743818 0.4116579 -0.7713977 -0.6885999 0.7657487 0.1602074 -1.193703 0.4476369 -1.442581 -0.760521 0.6875554 -2.229702 1.324951 0.4574124 -0.960376 -1.998073 1.718035 0.3476148 -1.716568 -0.1101818 1.064989 -0.05428074 -1.49456 -1.377074 0.7010105 -0.9290947 -0.1967658 0.256748 
-0.2832063 1.082992 -1.021763 1.631349 1.173084 -0.7489504 -1.294391 0.08653616 -0.5608945 -0.3030592 0.1517194 -0.4228536 2.421373 0.5605439 -1.471393 -0.4889577 -1.937175 0.8034678 0.231856 -0.222714 0.1777713 1.396349 -1.132522 0.02705161 -2.332554 -1.851005 -0.186061 1.31151 -0.6331345 -1.148595 -1.293746 -0.8650193 1.348175 1.056856 1.973879 0.3641056 0.2281975 -1.589957 -0.2614459 0.1127887 
-0.3411652 0.7567408 0.4122773 0.3064554 -0.6394411 1.132593 1.256714 0.8721989 2.307869 0.03507262 -1.103046 1.314869 0.3864049 0.3875996 -0.1495982 -0.1880767 -0.7195493 0.7343017 -0.2922076 2.056193 -0.8789058 -2.024477 -0.06817155 0.2433956 -0.9607217 0.1985029 -0.3434421 0.6550452 0.7710425 -0.18786 -0.7761613 -0.5175918 1.193548 0.1780293 -0.3646463 -2.791393 0.3410995 0.4781827 0.04350672 0.02497889 
2.031269 1.119362 1.087981 0.2548761 1.033977 0.03152847 -0.2567967 -0.5472393 -1.88731 0.3886063 0.06518558 -0.1241093 1.070251 -1.142549 -0.8737839 -0.4778211 0.2148581 0.1809868 1.392741 -0.7444432 0.8352398 -2.932894 0.4796358 1.052467 -0.2747449 -1.79166 -0.8506107 -0.4404159 1.081401 1.287417 -0.3479089 1.313183 0.3780307 -1.246793 1.61582 0.6987767 0.2715641 0.3628378 0.6136958 0.03073317 
-0.3749694 0.3999214 0.469135 -0.9776974 -1.198684 -1.005341 -1.171324 -0.7095695 -0.7514538 -1.350307 0.9030407 -0.1373379 0.4322248 -0.2793189 -1.933674 1.130002 -1.168704 0.8697927 -1.139136 0.5309136 -0.3882033 1.143976 -0.6443768 0.7423382 -0.5614076 0.638538 0.8501451 -0.09277714 -1.052431 -0.2080519 0.355618 0.254337 0.327052 -0.1439894 -1.271567 0.2894877 -0.7327052 0.4441343 0.05390209 0.4114555 
-0.9068289 1.871378 0.6072383 0.7798391 0.8900858 0.7942696 0.125169 -0.07849415 1.20077 1.589822 -0.5222283 -1.599905 -0.8439347 0.6999326 0.2463756 -0.160811 -0.2731787 0.5387866 1.569533 -1.75665 1.199467 0.3667477 -0.7030999 0.8562136 -0.5719837 -1.30179 1.468192 -0.4946058 -1.045671 -0.3936624 1.55441 -0.3557552 0.2305999 0.5281104 0.3344104 -0.3365132 -1.283419 -0.6219453 -0.7308881 -1.553351 
-1.251439 0.606296 0.8942049 1.381596 0.6314759 -0.8754182 -0.7831738 -0.1069249 -1.625852 0.1045841 1.328098 -1.139328 -1.614959 -1.956738 -1.091391 -0.09232887 -1.618025 -0.05226362 -1.042613 0.580586 0.8325171 -0.308262 1.721708 0.9450434 0.8265778 -1.024308 -0.6859859 -0.9262313 -1.418355 0.07676227 1.864254 -0.4594391 0.09150208 1.131599 -0.5446751 0.1201014 0.7501647 -1.560615 1.46042 -0.4380836 
-0.4025016 0.8119987 -0.2911758 -0.9020658 -0.4065749 0.2064211 -0.4580696 0.6792923 1.29381 -0.1409933 -3.142515 0.594232 0.4667868 -0.3765832 0.01038168 -0.5170785 1.303054 -0.6472564 -0.1054843 0.6503116 0.04833904 0.7472313 -0.2770029 -0.3804206 -0.7283924 0.9561321 -0.412898 1.236544 -0.1641538 1.858348 -1.485803 0.9467891 -0.3113005 -0.2490497 0.455294 -0.5537145 -0.5603696 1.312163 -1.260928 -0.02110698 
-1.030025 -0.7699057 0.214238 -1.195467 -0.5377475 0.07455594 0.4021638 0.04904464 0.6847318 1.441543 0.6098613 -0.6427978 -1.322222 0.5281399 0.2262538 1.828785 0.1966153 -1.045126 -0.4120386 -1.187879 0.04681474 -0.5796083 -1.670225 1.971086 1.335344 -0.6851385 0.1882306 -1.55858 0.4340307 0.5955448 -2.366141 -1.396866 0.4037597 -0.5098567 1.795092 0.1438009 1.524735 -0.001466844 -1.200977 -0.1389178 
-0.1650511 -0.8870047 1.042164 1.04204 0.3993179 -1.273422 1.68175 -1.229103 -0.9811935 0.8103575 -0.6629673 -1.663851 0.00739003 -0.3913999 -0.830037 -0.3446942 1.204664 0.9654823 -0.5334318 0.797552 0.8287784 -0.1673325 -0.29741 1.006329 -0.6122099 -0.38484 -0.9680253 -0.5737957 0.6023484 -0.3128893 1.103469 -0.02413688 1.044053 0.748905 -0.1062054 0.3907868 2.052951 1.096597 0.297823 0.787829 
0.3596984 -0.4075382 0.5051315 1.37899 -0.1290788 1.147518 -0.4493863 -0.7186591 -0.5127131 -0.1189772 -0.1423317 -0.7344459 -0.2736297 2.066983 1.915266 -0.628447 0.6716417 -1.12801 0.6745369 1.280442 0.6874024 -0.5926396 2.117331 -0.8725078 1.508754 -0.2116248 1.668673 0.9852787 -0.7931271 -0.5229525 1.142638 0.5590554 0.6163139 -0.1360848 -0.8039502 1.775035 -0.628265 -0.414616 -1.502615 -0.5585611 
1.358345 1.410869 1.963849 -0.8363215 -0.6778721 0.2633098 -0.3665047 0.9101157 -0.5826391 1.687799 -0.392655 -1.538638 0.453223 -0.5502073 -2.417881 -0.050362 -1.723119 0.8985283 1.179127 -0.8571156 2.561795 -0.9911746 -0.3492839 -1.587401 -1.039582 -1.956322 -0.9732392 -0.4274076 1.252663 -0.344476 0.9425743 -1.624817 -0.8432334 1.569491 -0.6690743 -0.92581 -1.351115 1.387586 -2.443379 0.3918337 
-1.82363 -1.513629 -0.5898241 0.491445 0.5263557 -1.330327 2.034256 0.8399497 0.02645974 1.031382 0.1159506 -0.5411469 -1.458532 0.5675696 -0.45534 1.657919 1.573773 -1.003332 -0.3860479 -1.523476 -0.0531608 -1.549778 0.7350342 2.036866 0.567109 1.364092 1.694931 -2.142887 -0.05367849 -1.437027 -0.1096995 -0.2765909 -0.8565895 0.1826095 0.5004309 0.5224528 0.2214884 0.3247622 -0.485422 1.812281 
-0.01015668 0.7327644 -0.8841198 -0.9892134 -0.6476977 -1.069293 0.6832408 1.086225 0.6620925 0.5181373 1.018234 0.3678847 0.0660251 1.216961 -0.4227865 -0.1160215 -0.9514525 0.7165487 0.5623024 -1.401931 0.9898124 -1.206506 -1.08672 0.1427973 -0.5442272 0.2915032 0.5994729 -0.5131733 -0.9332139 0.170436 -1.016625 1.373513 -0.440765 0.01535512 1.00301 -0.6580042 1.036883 0.8376903 -0.2229602 1.124892 
1.304761 -0.4332664 0.1605632 -0.004714762 -0.5727697 0.141078 -0.5432044 0.7099224 -1.64381 -0.492072 -0.2879937 1.784567 0.7056306 0.1744805 0.5199472 0.03868042 0.4468976 0.8917523 1.277974 -1.424879 -0.998705 1.221744 -0.02266461 -1.176534 0.1150332 -0.6441078 -0.2858208 0.531445 0.6776157 -0.1241037 -0.03330087 1.242039 1.094288 0.1637166 -0.2399651 1.408321 0.1267114 -1.44299 0.372035 1.771419 
-1.331613 1.215143 -1.144908 1.939552 -0.1571941 -1.241869 0.2158411 -2.181217 -1.528906 -1.026622 -1.23286 0.7945884 1.347101 0.03979994 -0.03029732 0.2314719 -1.02388 0.2548083 -0.7886223 1.752221 0.9272286 -0.8127774 0.8269168 -0.02290469 -0.7173892 0.008302086 1.215969 -0.7683411 0.6748366 -0.2352334 0.03272475 0.5006599 0.9998523 0.4053624 -0.3769542 1.69068 -2.208834 -0.7234578 0.3892039 -2.336044 
-1.31773 0.1970163 -0.4020288 1.481232 0.5744981 0.08899763 1.862589 -0.03446507 0.09876704 -1.006865 -1.455358 0.9989878 0.8013853 -0.3226322 -0.2362076 -1.36101 -0.6203575 2.132816 -0.589671 -0.2577104 -1.784784 -0.08199852 1.022858 -0.7162194 -0.3429137 -0.4643854 -0.8598379 -0.5523727 -1.349599 0.3596013 -0.5027013 0.3940335 0.4857259 0.6151627 0.286151 2.618011 -0.6041366 -0.9297726 -0.08955987 0.2155646 
-0.2261526 1.249177 0.2902374 -0.7774259 0.06726823 -1.339589 1.912849 0.233742 1.411224 -0.05896542 -0.9398977 -0.3231992 -2.063859 0.9640378 -1.493511 -0.3448689 0.8264824 -1.441856 0.4232511 -0.3238796 -1.00814 1.094543 -0.8481616 -0.7972767 -0.4028534 1.020509 0.8682004 -1.663785 -0.1683852 -0.5621253 -0.6261158 0.3813633 0.006096863 -0.3332886 -1.623443 1.518117 1.583911 1.909978 -0.4983453 0.7564647 
-0.737183 2.430763 -0.09198689 0.9109524 -0.4474426 -0.0644244 0.6465582 0.2918448 -0.1572895 -0.7206236 -1.729062 -0.2327824 -0.8772238 0.06444345 0.462501 -1.426321 0.06668868 1.925867 -1.09051 -1.915369 -0.5152713 2.102106 2.109894 0.1983338 0.4307856 1.015416 0.3262769 -0.02579872 1.957835 0.822709 0.1893748 -1.0865 -0.5115909 0.3151258 0.7258302 0.1739998 0.09524805 -1.010852 1.001574 -2.406268 
1.502088 -0.2555516 -0.2549391 0.2271163 1.202756 -2.010749 0.72127 -0.1881263 1.348921 0.470836 -0.351441 -0.6204012 0.1227291 0.9267532 0.6173376 -0.002379352 -0.4951538 -1.268833 1.205763 0.4291727 0.3394155 0.8929065 -0.1217193 -0.4195593 -0.5429496 1.33308 1.479643 -1.070253 0.4988673 -0.7313254 0.961078 0.6171203 1.328073 0.9234362 -0.3445866 -1.514799 1.102271 0.2075611 2.150628 0.7699121 
0.3932021 -2.047773 -0.5589231 -0.6360259 -2.069197 1.237239 0.4494191 0.7459841 -1.402311 0.1753189 1.695525 -0.2705186 -1.554579 -0.6110756 0.8786125 0.4364927 -1.418214 -1.400133 -0.2027418 2.47114 0.630432 -2.685571 -2.026027 -0.7721102 -0.1899372 1.917648 -0.3637368 1.766872 -2.392045 1.12111 1.153637 0.4168652 -0.4995132 0.8231971 -0.1673993 0.7996037 -1.084047 -0.006988471 0.9328617 -0.8434163 
-0.8082958 0.6470556 0.9514728 0.2234582 -0.5693023 -0.3810709 -0.583089 0.09094379 0.7871598 -0.1018839 0.06024313 -0.9022925 -0.1396047 1.45848 -0.8069802 0.5006131 1.532293 -0.7530884 0.7408212 0.4899394 -1.382914 1.449771 0.7616016 -0.7886469 -1.333438 -1.237303 0.724085 0.6707513 0.1758455 1.237868 -0.2511399 -1.34097 0.5276206 -0.8398857 1.712024 0.04640159 0.5334743 -0.663511 -0.7001413 -0.224952 
-0.1842739 -0.4108904 -0.3964698 -1.021801 1.064201 0.7680902 -0.5211555 0.698985 -0.6065384 0.5888953 0.6224183 -0.5259992 -0.8869721 2.493735 0.3566898 1.54123 0.1275274 0.4590309 1.071831 -0.5257913 0.1453544 -1.689636 0.8461145 0.6608008 -0.6811138 -0.4070377 0.5107891 0.4447863 -1.334891 0.8570802 0.5702389 1.578063 0.7081709 -0.3409454 -0.455654 -0.8430415 -1.401441 -0.2085414 -0.5222827 0.8140251 
0.3327799 -0.09783533 -0.6475891 1.599858 -1.107049 0.3390624 -0.2977684 0.1907135 0.5442284 0.07004805 -0.6548616 0.2698331 -0.7369063 -1.668403 0.3896868 -0.5551717 -2.56314 1.14579 1.834984 0.3449858 0.841498 1.225695 0.8074999 0.3608573 1.324519 -1.084726 0.7809519 -1.091282 2.945482 0.1674987 -0.2105494 -0.562242 0.3116033 -0.7562401 -0.9132333 0.0773452 2.143089 0.8321425 1.574942 -0.1658491 
-0.6919603 -0.8339049 0.1931961 -0.9713148 -0.2268425 0.6256379 0.09933423 0.608677 0.09679043 0.03377709 1.52976 -0.361345 0.8156789 1.270458 -2.044477 -0.9149678 -0.4126202 -1.76979 0.7662616 0.1111901 -0.5902251 -0.1791667 0.5250495 1.608684 -0.0769406 1.287205 -0.8286334 0.8736189 0.9584018 1.506399 -1.680118 1.112409 0.2505918 2.957189 0.01471152 0.06043833 0.6436893 0.3330495 -0.2910144 1.294979 
1.998423 0.08494879 -1.112908 1.623194 -0.1807103 1.513606 0.7298958 0.5501839 0.3218888 0.3849274 -2.137502 -1.735483 1.285408 0.6040001 0.8850957 -1.456656 -1.359169 -1.356999 1.49007 1.137228 -0.2527144 0.009682589 -2.398969 -0.2638998 -0.3974917 -0.8446715 0.0411972 -1.901139 1.138495 0.5659111 0.2971779 0.4874709 1.062073 -0.8374663 0.07883023 2.784747 0.3026013 -0.4419063 0.5591269 1.301904 
-0.6711622 0.6129821 -0.606949 1.174852 -1.365916 -0.3151427 0.04627321 -0.9971379 -0.89168 2.554084 -0.863176 0.04550388 0.62172 0.4828741 0.2120241 -0.7668743 -0.7567827 -0.0002103923 0.7024789 0.3201589 1.095718 -0.5701323 -0.5395595 0.6815193 -1.253933 0.6967975 0.5302516 0.5583164 0.03676765 0.7396153 -0.1836087 -0.06666692 -0.3623361 -0.7548388 0.1321395 -0.3641392 -1.078728 -0.8245545 -1.912929 -0.2165968 
-1.011542 -0.5390242 -0.140091 -0.472871 -0.5319229 -0.4018485 0.16762 -0.3702787 0.6690295 -0.1832158 -0.4145738 -0.3623067 -2.083335 0.6923663 -0.07199486 -0.3990884 0.7899717 -1.142941 -0.04783537 0.2692426 0.5836519 0.730055 -1.880929 0.3008353 1.002882 1.409169 -0.5576327 1.431453 0.8835617 -1.054176 -0.3653118 1.734109 0.4332375 -0.03442075 0.2007609 0.1365273 -0.8126668 -0.599689 0.7186056 -1.278993 
-0.5573227 1.822524 -0.4546492 -0.6617218 -0.7356086 -0.03138481 -1.219648 -1.011789 -1.462186 0.7312279 1.291428 -0.006325695 0.01601866 1.658078 0.6579956 -0.2141676 -0.4009738 1.329905 0.8196836 0.1227103 -0.7601665 1.181556 -0.5925282 -0.585672 -1.27783 1.129038 0.3824397 0.5060184 -0.5182681 0.6433079 0.004363211 -1.553776 0.6570742 -0.5190017 -0.5314703 0.4655743 -2.054646 1.061542 1.811139 0.4017226 
0.5644133 1.491511 -0.3394486 -0.8149849 -0.8650512 -1.525176 -0.4404709 0.6573774 0.5424317 0.04303131 -0.6154515 -0.1870994 -1.053772 0.5367534 1.37549 0.1840706 -0.6869819 1.353699 -0.08946323 -0.06015486 0.1368015 0.5693923 0.2216662 -0.995306 -0.6626505 -0.7144839 -0.291366 0.9891801 1.269752 0.4268707 -0.462048 -1.238874 -0.2241234 0.6996248 0.206517 -0.6480988 0.7621031 -0.3757222 0.6332538 -0.2783107 
